1.500000000000000000e+00 1.500000000000000000e+00
1.500000000000000000e+00 1.833333333333333259e+00
1.500000000000000000e+00 2.166666666666666519e+00
1.500000000000000000e+00 2.500000000000000000e+00
1.500000000000000000e+00 2.833333333333333037e+00
1.500000000000000000e+00 3.166666666666666519e+00
1.500000000000000000e+00 3.500000000000000000e+00
1.500000000000000000e+00 3.833333333333333037e+00
1.500000000000000000e+00 4.166666666666666075e+00
1.500000000000000000e+00 4.500000000000000000e+00
1.833333333333333259e+00 1.500000000000000000e+00
1.833333333333333259e+00 1.833333333333333259e+00
1.833333333333333259e+00 2.166666666666666519e+00
1.833333333333333259e+00 2.500000000000000000e+00
1.833333333333333259e+00 2.833333333333333037e+00
1.833333333333333259e+00 3.166666666666666519e+00
1.833333333333333259e+00 3.500000000000000000e+00
1.833333333333333259e+00 3.833333333333333037e+00
1.833333333333333259e+00 4.166666666666666075e+00
1.833333333333333259e+00 4.500000000000000000e+00
2.166666666666666519e+00 1.500000000000000000e+00
2.166666666666666519e+00 1.833333333333333259e+00
2.166666666666666519e+00 2.166666666666666519e+00
2.166666666666666519e+00 2.500000000000000000e+00
2.166666666666666519e+00 2.833333333333333037e+00
2.166666666666666519e+00 3.166666666666666519e+00
2.166666666666666519e+00 3.500000000000000000e+00
2.166666666666666519e+00 3.833333333333333037e+00
2.166666666666666519e+00 4.166666666666666075e+00
2.166666666666666519e+00 4.500000000000000000e+00
2.500000000000000000e+00 1.500000000000000000e+00
2.500000000000000000e+00 1.833333333333333259e+00
2.500000000000000000e+00 2.166666666666666519e+00
2.500000000000000000e+00 2.500000000000000000e+00
2.500000000000000000e+00 2.833333333333333037e+00
2.500000000000000000e+00 3.166666666666666519e+00
2.500000000000000000e+00 3.500000000000000000e+00
2.500000000000000000e+00 3.833333333333333037e+00
2.500000000000000000e+00 4.166666666666666075e+00
2.500000000000000000e+00 4.500000000000000000e+00
2.833333333333333037e+00 1.500000000000000000e+00
2.833333333333333037e+00 1.833333333333333259e+00
2.833333333333333037e+00 2.166666666666666519e+00
2.833333333333333037e+00 2.500000000000000000e+00
2.833333333333333037e+00 2.833333333333333037e+00
2.833333333333333037e+00 3.166666666666666519e+00
2.833333333333333037e+00 3.500000000000000000e+00
2.833333333333333037e+00 3.833333333333333037e+00
2.833333333333333037e+00 4.166666666666666075e+00
2.833333333333333037e+00 4.500000000000000000e+00
3.166666666666666519e+00 1.500000000000000000e+00
3.166666666666666519e+00 1.833333333333333259e+00
3.166666666666666519e+00 2.166666666666666519e+00
3.166666666666666519e+00 2.500000000000000000e+00
3.166666666666666519e+00 2.833333333333333037e+00
3.166666666666666519e+00 3.166666666666666519e+00
3.166666666666666519e+00 3.500000000000000000e+00
3.166666666666666519e+00 3.833333333333333037e+00
3.166666666666666519e+00 4.166666666666666075e+00
3.166666666666666519e+00 4.500000000000000000e+00
3.500000000000000000e+00 1.500000000000000000e+00
3.500000000000000000e+00 1.833333333333333259e+00
3.500000000000000000e+00 2.166666666666666519e+00
3.500000000000000000e+00 2.500000000000000000e+00
3.500000000000000000e+00 2.833333333333333037e+00
3.500000000000000000e+00 3.166666666666666519e+00
3.500000000000000000e+00 3.500000000000000000e+00
3.500000000000000000e+00 3.833333333333333037e+00
3.500000000000000000e+00 4.166666666666666075e+00
3.500000000000000000e+00 4.500000000000000000e+00
3.833333333333333037e+00 1.500000000000000000e+00
3.833333333333333037e+00 1.833333333333333259e+00
3.833333333333333037e+00 2.166666666666666519e+00
3.833333333333333037e+00 2.500000000000000000e+00
3.833333333333333037e+00 2.833333333333333037e+00
3.833333333333333037e+00 3.166666666666666519e+00
3.833333333333333037e+00 3.500000000000000000e+00
3.833333333333333037e+00 3.833333333333333037e+00
3.833333333333333037e+00 4.166666666666666075e+00
3.833333333333333037e+00 4.500000000000000000e+00
4.166666666666666075e+00 1.500000000000000000e+00
4.166666666666666075e+00 1.833333333333333259e+00
4.166666666666666075e+00 2.166666666666666519e+00
4.166666666666666075e+00 2.500000000000000000e+00
4.166666666666666075e+00 2.833333333333333037e+00
4.166666666666666075e+00 3.166666666666666519e+00
4.166666666666666075e+00 3.500000000000000000e+00
4.166666666666666075e+00 3.833333333333333037e+00
4.166666666666666075e+00 4.166666666666666075e+00
4.166666666666666075e+00 4.500000000000000000e+00
4.500000000000000000e+00 1.500000000000000000e+00
4.500000000000000000e+00 1.833333333333333259e+00
4.500000000000000000e+00 2.166666666666666519e+00
4.500000000000000000e+00 2.500000000000000000e+00
4.500000000000000000e+00 2.833333333333333037e+00
4.500000000000000000e+00 3.166666666666666519e+00
4.500000000000000000e+00 3.500000000000000000e+00
4.500000000000000000e+00 3.833333333333333037e+00
4.500000000000000000e+00 4.166666666666666075e+00
4.500000000000000000e+00 4.500000000000000000e+00
