4.711376060314333980e-01 4.495387576980782729e-01
5.164773653991444613e-01 5.844831008284468998e-01
6.983075709779623663e-01 5.011065023272551766e-01
6.551203662671056804e-02 8.723873135320692196e-01
6.889966572899526298e-01 2.071105138067714790e-01
3.159974890858665564e-01 1.345698142036020339e-01
8.393264398345743338e-01 8.577837062724191775e-02
5.327104329489329437e-01 7.855676036981263932e-01
6.059313709550421256e-01 5.619560895927373512e-01
6.355248003476643426e-03 8.834348554303238510e-01
4.341701405088641552e-01 9.425133607024338556e-01
7.401184831138030162e-02 8.482530749359540323e-02
9.569467101022096633e-01 9.281876797470307583e-01
4.040383473750355225e-01 9.362453225801067314e-01
1.154626213498327614e-01 5.696112145168296115e-01
7.402809870704417650e-01 6.071021332535294635e-01
1.594120011029634965e-01 7.268313044042002957e-01
5.291315110215824014e-01 9.758468455749135240e-01
2.134392023757225587e-02 3.098112993499333445e-01
4.976757717411173232e-02 6.660025222919849774e-01
6.178513296939239785e-01 9.289271375335895753e-01
6.325403607343506041e-01 8.271928799554890688e-01
6.959999575610098521e-01 7.593082047179832150e-01
5.678944463132830078e-01 8.184612991033615170e-01
6.514793371811219425e-01 4.965675781374774278e-01
9.883229521788665650e-01 7.822243748440556033e-01
9.086089855453254316e-01 1.369325424440293038e-02
8.822369258349433974e-01 9.077336948627457991e-01
1.009358014155657957e-01 7.233767815368556953e-01
6.625753144718391496e-01 6.609069144933354956e-01
